"average_test_body_acc_x" "average_test_body_acc_y" "average_test_body_acc_z" "average_test_body_gyro_x" "average_test_body_gyro_y" "average_test_body_gyro_z" "average_test_total_acc_x" "average_test_total_acc_y" "average_test_total_acc_z" "average_train_body_acc_x" "average_train_body_acc_y" "average_train_body_acc_z" "average_train_body_gyro_x" "average_train_body_gyro_y" "average_train_body_gyro_z" "average_train_total_acc_x" "average_train_total_acc_y" "average_train_total_acc_z"
"V1" -0.00601046826850713 0.0020689899256644 -3.46176477293519e-05 -0.0221737890971021 0.00576343856499152 0.00629869002425042 0.814318308587499 0.0058897033541907 0.0795696525993892 -0.00337378188457303 -0.000437005168585283 0.00485563270667927 -0.000706586065120919 0.00905526455558909 0.00316249104713853 0.804023694788126 0.0276203238579162 0.0904375722416227
"V2" -0.00613505487654978 0.00316043964767017 -0.000333927044128707 -0.0226377558849352 0.010357821342247 0.00773916201506427 0.814134082372582 0.00701478944129623 0.0793135040068578 -0.00285823994547647 -0.00127207161482277 0.00450049781190714 0.00178668118343036 0.0099747179680812 0.00205461599907372 0.804490440379475 0.0268350476546695 0.0901122407045158
"V3" -0.0065572347000338 0.00361058735913811 -3.06457698299966e-05 -0.0245374237267316 0.0148338937195965 0.00978517537183916 0.813653186036488 0.00749929979750933 0.0796584712084662 -0.00170782872634249 -0.00195508657017231 0.00467767261989731 0.00130058327001968 0.00939862491670566 0.00155585773628224 0.805591654569532 0.02620287751034 0.0903198508057671
"V4" -0.00597120579687479 0.00189710278421921 5.11450541907024e-05 -0.0254045340956871 0.0145458589074109 0.0100770022490994 0.814181179956396 0.00582091194662369 0.0797804587797523 -0.000535542574984385 -0.00133616819318784 0.00489269038132467 0.000234872624011154 0.00763163918321328 0.00187520086526211 0.806714380021708 0.026873406043648 0.0905660477634045
"V5" -0.00560954363576111 0.000646168674160163 0.000614874817672209 -0.0219099116948022 0.0154230251872786 0.00733951574761147 0.814485296452737 0.00460579139770954 0.0803828960611734 0.000333323871092478 -0.000396693448755713 0.0047023994625228 -0.000961122410326292 0.00599673756471491 0.00319543534774415 0.807533441454978 0.0278649842411045 0.0904077853592574
"V6" -0.0055938109881096 0.00124955700907703 0.00288259061392806 -0.0194031084804852 0.0156977406687173 0.00304813773410417 0.814443790625416 0.00524564023635562 0.0826878640431919 0.000479640037199551 -0.000274358396269995 0.00469863136943747 -0.0023417862197492 0.00387991718668893 0.00551469206479461 0.807629838383501 0.0280396903573694 0.0904369919441077
"V7" -0.00597534169533254 0.0023384563819681 0.00342128869185952 -0.0194626130018833 0.012229195417601 0.0016940419974452 0.814005163079505 0.00637156418130302 0.0832624542161429 -0.000289295789591117 -0.000234120272426686 0.00491126286683243 -0.00261892917617927 0.00108441782015384 0.00610178876282081 0.806811029582644 0.0281323812637461 0.0906836290548953
"V8" -0.00533107681412657 0.00240121960661113 0.0020272017873339 -0.0199202175942243 0.00848288939985748 0.00516700823450628 0.814592330094455 0.00647186202697998 0.0819030339174415 -0.00100217844949116 -0.000886272645682331 0.00514129976215982 -0.00271917305572401 -0.000307132841817329 0.00558183457903623 0.806048448355767 0.027532594175068 0.0909487864015057
"V9" -0.00302724950317781 0.00247369081997353 0.0014380322572511 -0.0186690284488398 0.00619344169946115 0.00791190724613336 0.816838926080319 0.00658235643402443 0.0813474405462844 -0.000909127413418798 -0.00182205519912731 0.00490274979738354 -0.00220864451752161 -5.22493552611515e-07 0.005747920031739 0.806092070704336 0.0266489187418648 0.0907465496833025
"V10" -0.00188704463796573 0.00330760849657855 0.0014576004544961 -0.0159948118486288 0.00948831175926264 0.0075093075889318 0.817921736304751 0.00745477369583305 0.0813995734667153 -0.000573529233130849 -0.00289442862769029 0.00436740496633014 -0.000491040296044519 0.00130747177554516 0.00520085375561643 0.806378593240188 0.0256281979732821 0.0902487790891091
"V11" -0.00128805274655175 0.00365226394349237 0.00159668733616797 -0.0167310135398066 0.0147172132102579 0.00742378902842314 0.818463192262674 0.00783841967556837 0.0815702816594265 4.54134473294204e-05 -0.00370666175881434 0.00449349380623681 0.00039088603499796 0.00193353374854153 0.00444417270472728 0.806948880928579 0.0248669326101877 0.0904137510894097
"V12" 0.000409422567072616 0.00380001228434238 0.00215691663755684 -0.0211315119992576 0.0129838869352077 0.0081337458751337 0.82010308052036 0.00802567915362742 0.082161251004228 0.000849827690821273 -0.0033394971321843 0.00475272133527652 0.0011121614655185 -0.00172217723271885 0.00369393199029937 0.807705150510052 0.0252841297554597 0.0907132020901224
"V13" 0.00312875397226366 0.0030747056277153 0.00264487271490159 -0.0242402651062419 0.0086474064532114 0.00998678238833526 0.822764938319952 0.00734044408187988 0.0826791443233797 0.00111125528127587 -0.0034619019587678 0.00463667856525054 0.0029626880361895 -0.00638102542015601 0.00305582396387432 0.807919058192587 0.0252105760703958 0.0906387539555291
"V14" 0.00492703294289583 0.00080527039460604 0.00200088116825008 -0.0239025082398914 0.00726245802365694 0.0112800195344235 0.824506073883984 0.00511165547372243 0.0820643822231761 0.000940689868871191 -0.00406490391024361 0.00444634363189962 0.0045830871095718 -0.00921182465054434 0.00248012777427775 0.807701731177394 0.0246550134601415 0.0904914095912214
"V15" 0.00326497064940142 -0.000814847771886596 0.00143378115950458 -0.0215297067757359 0.00935469562628096 0.00834285419761113 0.822787537861724 0.00353269721014591 0.0815258857480387 0.000663381536396164 -0.00380099099006148 0.00366049369595403 0.00503097490805835 -0.0114056660120166 0.000443973807532508 0.807378537852646 0.0249647347384712 0.0897499577578672
"V16" 0.00119014151976586 -0.00121324844659654 0.00241148338457448 -0.0193641620517679 0.0124279377358195 0.00512873410600271 0.820657170312318 0.00317583204217849 0.0825316311659043 0.000142178546757685 -0.00275664347054108 0.00280480862251755 0.00450224171260977 -0.00930303366736303 -0.0018563086834898 0.806812433848637 0.0260530604429257 0.0889400589942913
"V17" 0.000844694157441466 -0.000582269546354259 0.00307057991504072 -0.0175065594582469 0.00927914644120903 0.00516031701460129 0.820257354845029 0.00384854243745165 0.083218286284944 -0.00203116633282209 -0.00145880875008909 0.00239704800874728 0.00263390989778536 -0.00684023657151537 -0.00403285328867383 0.804595223397756 0.0273928933706338 0.0885794164474306
"V18" 0.000434415545271802 0.000135503611474041 0.00277575357662131 -0.0143855518607933 0.00493582098335256 0.00591442802496098 0.81979398209379 0.00460807681890058 0.082950623228266 -0.00466174760206951 -0.000927232495877951 0.00204469237462663 0.000418210129053577 -0.010152545403856 -0.00581505940733433 0.80192180336554 0.0279644052181678 0.0882754221562565
"V19" 0.000313894841483203 -0.000679940321397353 0.0018202325013512 -0.0125495069589074 0.00860847384861893 0.00487108345102511 0.81962173944435 0.00383428787441127 0.0820219655672209 -0.00546450418237844 -0.00092823168189679 0.00190932419042165 0.000284701783355549 -0.0144325575382299 -0.00618806218130277 0.801077107640042 0.0280012484840832 0.0881895529338003
"V20" 0.000491623601170682 -0.00115705765217842 0.000629634530668476 -0.0152010511300071 0.0143856079519783 0.00185447492934371 0.819749176346658 0.00339858834591992 0.0808579916545436 -0.00564453787026483 -0.00105647104145675 0.00132628420797674 0.00108861651306202 -0.0161058482234555 -0.00605468448886371 0.800855844299835 0.0279087546571341 0.0876570304962827
"V21" 0.000546873351270105 -0.000774718441583644 0.00110025865574143 -0.0187217415363522 0.0157482332201459 0.000944518420309128 0.81975564243831 0.00382197226915507 0.0813550190329318 -0.00470352543235181 -0.00161931615960147 0.000448178264364676 0.00223641261305197 -0.0151348260094356 -0.00543824390967024 0.801756114519002 0.0273795574491159 0.0868303290368838
"V22" 0.000701877227489311 -0.000957136551669155 0.00158779169204978 -0.0202288384940743 0.0119546143329216 0.003411901807302 0.819863390156227 0.00368009442490668 0.0818687306235494 -0.00335572271154831 -0.00194394402353795 -0.000266458618962323 0.00544045920766295 -0.0130191207957869 -0.00570199308884725 0.803063489967369 0.0270864708801415 0.0861678218088868
"V23" 0.000825581462585341 -0.00119872004357245 0.00113353815308958 -0.0217936773741262 0.0058811905309603 0.00547132577049881 0.819941430360672 0.00347842435673566 0.0814404442708178 -0.00342121273943973 -0.00162467751714499 -0.000962439368439853 0.00865608230428482 -0.0110512219612915 -0.00635018930801537 0.802957748426863 0.0274351515438711 0.0855245074317723
"V24" 0.00104059774461215 -0.00126913205838548 0.000901009371408212 -0.024079297736247 0.00408876336579131 0.00629183617642294 0.820112440602443 0.00344717809519511 0.081233674418585 -0.00302545336319709 -0.0010308870120404 -0.000940474905693512 0.00983956686371248 -0.00930815564632284 -0.00584673668464567 0.803313364746027 0.0280562169823885 0.0855994635869682
"V25" 0.000612650441228911 -0.00144747334905599 8.19880530159483e-05 -0.0257638418901595 0.00491110946214455 0.00668417917812182 0.819642170197082 0.00330713933673227 0.0804402043292501 -0.00288752145008732 -0.000213256341726469 -0.00118461772474026 0.00833305711425639 -0.00882350474996926 -0.00688740870955405 0.803411186105287 0.0288989990439336 0.0854084244179399
"V26" 0.00011240463005022 -0.00230075906727282 0.000688008110340346 -0.0265804857173919 0.00332380356586698 0.00645662569285545 0.819101314878181 0.00249117452744825 0.0810715415162267 -0.00331683541477661 0.000696688287803455 -0.00175946062307975 0.00509184991093444 -0.00740278839706746 -0.0082725567476892 0.802941751662832 0.029832026536303 0.0848865836917954
"V27" 0.000255370811213098 -0.00356511169117747 0.00275355098653885 -0.0265599974626705 0.000803230184777062 0.00595210362472684 0.81920540220979 0.00126302917687818 0.0831621522612012 -0.00282463481241308 0.000920853799134793 -0.0016083139448191 0.0040013445524932 -0.00688302208783052 -0.00733118280284657 0.803393766783814 0.030077301756624 0.0850904209802095
"V28" -0.000468065228297251 -0.00502832370829522 0.00301228634210282 -0.0228547107463269 0.000635063832799288 0.00533436083446183 0.818444801967255 -0.000165265311774686 0.0834457458581812 -0.0025806197146701 0.000478706927750019 -0.00205805782773871 0.00486900787879421 -0.00955802133374211 -0.00547463687282205 0.803597497378373 0.0296544104348885 0.0846928471994547
"V29" -0.00168845187806552 -0.00665017045859518 0.0020419423443943 -0.0178263291687546 0.00495807354262504 0.00346114721324703 0.817188930801357 -0.00175370728646081 0.0825001220656261 -0.00214029740918443 0.000320719049662881 -0.00296811095903183 0.00630343564926795 -0.0104366756969298 -0.00358689106880196 0.803997410785677 0.0295139392953128 0.0838342382171858
"V30" -0.00292671779985239 -0.00679082524331897 0.000973441872066169 -0.0183890324119023 0.00809988503399525 0.00025348177574245 0.815916785364812 -0.00186274870675263 0.0814562721349406 -0.00106629287809875 0.000798775006438697 -0.00314070810411561 0.00790297998188493 -0.00827734368216132 -0.00260840734685623 0.805030896493021 0.0300078802329217 0.0837121416910093
"V31" -0.0054316933881812 -0.005902420125679 0.00108181601913302 -0.0204484382375602 0.00468876710503224 -0.00239449558654394 0.81337936991376 -0.000944804779192399 0.0815892469905294 -0.000657398378513738 0.00140579002249347 -0.00276990911108528 0.00648390256854366 -0.00490013328253781 -0.00280032113820117 0.805399179375204 0.030629251866809 0.0841322806274075
"V32" -0.00875257811909617 -0.00464858015907302 0.0020926069937869 -0.0188681157147018 0.00152883166326434 -0.00360242198014734 0.810027245081412 0.000336248106173735 0.082624593456057 -0.000839037994178047 0.00128009926133784 -0.00237587274084997 0.00362444526419614 -0.00505022342485365 -0.00267133003203754 0.805176907900505 0.0305165184999728 0.084574294497299
"V33" -0.0107638898876349 -0.00279739944725789 0.00134084949597557 -0.0163513310407645 -0.000236006368718357 -0.00352821682983034 0.807985532810655 0.0022121438132338 0.0818973572982151 -0.00019225607925204 0.000508318253801551 -0.00228170293615781 0.00283358196340397 -0.0101245598269184 -0.00177433471673848 0.805783125421591 0.0297564218855767 0.0847149151387065
"V34" -0.00939349748398734 -0.00161627285451985 9.19477903729218e-05 -0.0147034594705199 -0.00398110682384798 -0.0027978199742209 0.809325900723583 0.00341541094466237 0.0806729520082117 0.00156999281829581 -0.0003850532496713 -0.00233829469862881 0.00252438081404006 -0.0115124144337934 -0.00132164568479992 0.807504957271205 0.0288735621652353 0.0847031054782835
"V35" -0.00612894506629046 -0.00110103227050085 -0.000461512365549983 -0.0156513482747119 -0.0031797532071191 -0.00204294221650865 0.812560386740075 0.00395022154625042 0.0801439370289379 0.00248797914011629 -0.00104387354415941 -0.00281894423478391 0.00219999066297851 -0.00814330488471042 -0.00169133757559331 0.808382810957726 0.0282241412795756 0.0842654452812119
"V36" -0.00496071221369562 -0.000951121459194096 -0.000306041813898541 -0.0200788689993563 0.00169461600582457 -0.00095235060523244 0.813698191009162 0.00411718343576519 0.0803237381144079 0.00274149886242116 -0.0011397396770744 -0.00324565559054448 0.00251151540446124 -0.00403198143120443 -0.00136659866567012 0.808596671241744 0.0281365859451425 0.0838798086410909
"V37" -0.00590540143200916 -0.000871324655011537 0.00154228468776111 -0.0240935557004377 0.00312991691905497 6.46060802042756e-05 0.812722507451832 0.00421159828741093 0.0821962173740075 0.00293065357036031 -0.000761209290063248 -0.00331816285835827 0.00243343907672987 -0.000888215664833243 -0.00117113643920729 0.808746839650108 0.0285223467531814 0.0838463339800734
"V38" -0.00579401917001629 -0.000816572648274516 0.00308038256419172 -0.0213882047664245 -0.000173346157258229 4.73182397828302e-05 0.812802164731116 0.00427862060318968 0.0837582778097251 0.00218480559705597 5.25149824802775e-05 -0.0039261117342514 0.00147164050273735 -0.00286141043662854 -0.00248840601022633 0.807962884274748 0.0293422330456202 0.0832752456744519
"V39" -0.00388658635081527 -0.00121668047532745 0.00332823486581676 -0.0156898008482576 -0.00535183671056329 -0.00114451188301289 0.814677000455887 0.00388852918598235 0.0840299587689175 0.00193125979771843 0.000354188223716404 -0.00476384680705658 0.00105603595266281 -0.00702965302408787 -0.00318824940380775 0.807672272650857 0.0296490452578074 0.0824720647928196
"V40" -0.00278012502357957 -0.000582894125758738 0.00305899772046827 -0.0150038560587733 -0.00481053366569189 -0.00335306457214218 0.815749905621106 0.00453016167862233 0.0837845172870716 0.00236994164226415 3.03996663469804e-05 -0.00555993607675383 0.0022323943506099 -0.00693146675070661 -0.0029514996964728 0.80807507148225 0.029329434228191 0.0817080696769859
"V41" -0.00388698028891401 0.00139940004815847 0.00227416730087547 -0.015485960189587 -0.00203142569940278 -0.00444047097558324 0.814608495733288 0.00651824058724126 0.0830235426299084 0.0025058478243318 0.000218523411193294 -0.00536835414988928 0.00292651296243158 -0.00414957466831556 -0.00363778985837976 0.808176401270117 0.0295208415273993 0.0819291190308841
"V42" -0.00535577522407872 0.00320329578775365 0.00204399458948517 -0.0168538180025463 -0.005407116358321 -0.00206258978742789 0.813104132895657 0.00832601956426875 0.0828173536004581 0.00241564536435881 0.000554022082182644 -0.00378928027121627 0.00232155609568743 -0.00172786175728278 -0.00449484812524048 0.808053051314051 0.0298587962423842 0.0835348743015275
"V43" -0.00541105268601493 0.00318181127194537 0.0019819503323586 -0.0214452175105596 -0.00862466328857482 0.000483159784692908 0.813012223826094 0.00830675067500848 0.0827794643641025 0.00176379036777462 0.000788448663180495 -0.0029457973138565 0.00273717028610324 0.00078784226216722 -0.00376685640413796 0.807369595739309 0.0300949260295144 0.0844021508948852
"V44" -0.0047344249125755 0.00163426295564568 0.00124981452729895 -0.0225707720159617 -0.0122230777232983 0.000816262553947065 0.81365104454418 0.00676000750807262 0.0820716761442891 0.000860159128238575 0.00104961085937949 -0.00254101386786657 0.00510690193557722 0.00284088742871151 -0.00177109879118498 0.806435976095947 0.0303571226626075 0.0848278030012092
"V45" -0.00459455943387954 0.00157633702222803 0.000455364580179844 -0.0197393679749342 -0.0148120698110519 0.00244678759331049 0.813751870949237 0.0067017025589413 0.0813017626318493 -0.000621797014741635 0.0021067429848395 -0.00220139602258377 0.006601528668875 0.00418244674195348 -0.000141200523934984 0.804925674939279 0.0314147179685936 0.0851853767748096
"V46" -0.00367863440673899 0.00222621662756328 -0.000296029393476688 -0.0177660270859145 -0.00901956691065728 0.00547110831922973 0.814627486772447 0.0073502023175772 0.0805750589315735 -0.00200148727857061 0.0035530431695978 -0.00305561256373808 0.00464993906385457 0.00603091600670797 0.00149405686401946 0.803519250201197 0.0328610402743607 0.0843462309486942
"V47" -0.00137390580074418 0.00137712368634713 -0.00104078529215487 -0.0161102536908117 -0.00275461478601629 0.00638374604493655 0.816890636428164 0.00649889714896505 0.079855072050492 -0.00199430615990734 0.00307866990320729 -0.00362630769732065 0.00196477816908859 0.00732117571203264 0.00347255745906832 0.803501196264309 0.0323864150525734 0.0837877530581298
"V48" -0.000609859081432746 0.00086822471270431 -0.00121832561514218 -0.0144942036713848 0.00147683261390261 0.00385644270487343 0.817611897242552 0.00598710693376315 0.0797022744889379 -0.00246922982840095 0.00221957828983365 -0.00334845650830686 0.000213717840304951 0.00774732931982182 0.00394143451772307 0.803002411310658 0.0315269750629788 0.0840749744289445
"V49" -0.00115775579215711 0.0010139586999016 -0.000626993622359348 -0.0143257568612691 0.00141599025927723 -0.000398673931693247 0.817020156746454 0.00612939153647099 0.0803182102296573 -0.00367874444970797 0.00214769777800381 -0.0032042262486503 -0.00187719235068852 0.00749535086627693 0.00348582051126286 0.801770233747171 0.0314547989256719 0.0842257328769437
"V50" 0.000351023947616559 0.000720197108982695 -0.000304448207067865 -0.0127083546690624 -0.00508910098062423 -0.00271377724618154 0.818484188388782 0.00583172199779776 0.0806651155565558 -0.00383610550397549 0.00138317259864799 -0.0031631799740489 -0.00260356209365186 0.00523643238004597 0.00437183256490598 0.801591244742205 0.0306901376468444 0.0842704843585106
"V51" 0.00344874159472854 0.000706143722112012 -0.000878912772056328 -0.0110869326513017 -0.00674585412442484 -0.00233055238066576 0.821536429869902 0.00581339077677638 0.0801146865998643 -0.00320734155668294 0.000867588066338955 -0.00297380674104381 -0.00237919791856757 0.00368682566529264 0.00662431439592288 0.802199203539663 0.0301746557491839 0.0844607694852503
"V52" 0.00584317800826892 0.000518316765183576 -0.00266534797455786 -0.0131433913552121 -0.00461886854642348 -0.00159199158530031 0.823884972050797 0.00562099145303699 0.0783518793278622 -0.00251597431604353 0.000569642561868607 -0.00269439801079293 -0.00357053525715071 0.00684577880824728 0.00783704284623055 0.802870425130577 0.0298770951944627 0.0847383409838003
"V53" 0.00658704898218968 -0.000181934305218154 -0.00447353788109942 -0.0143371503584696 -0.00130410196844927 -0.00131251777550255 0.82458288110397 0.00491593618793519 0.0765667722759043 -0.00231963189680849 -0.000520701455936344 -0.0024065869644504 -0.00424597358442805 0.0129221991874439 0.0057271507577325 0.803047123843906 0.0287874285096627 0.085021624598542
"V54" 0.00635038954762844 -0.000961345404441805 -0.0045019996825246 -0.0158875175547523 0.00335319600788599 0.000200246675782152 0.824300640862911 0.00413152122309128 0.0765606526270105 -0.00272740430094533 -0.00107720151946096 -0.00133593447819219 -0.0031411590874406 0.0183192519392882 0.00217107574688303 0.802620103950193 0.028231876967315 0.0860851411039499
"V55" 0.00632327700794808 -0.00253681823223889 -0.004016276755415 -0.0171665041380597 0.00170268024542246 0.00318379472438073 0.824228761901622 0.00255084086141839 0.0770677525430336 -0.00264196566259032 -0.000103642044764282 0.00040425985756031 -0.00165664775886445 0.0207127052432989 0.00012151421681163 0.802686575099856 0.0292066032339023 0.0878157127887786
"V56" 0.00676736765543773 -0.00376652895175161 -0.00306007689745165 -0.0139643678349063 -0.00279920247378351 0.0050140644706885 0.824629289914693 0.00131565176267391 0.0780441622474381 -0.00211634360306091 0.00088468901056167 0.00175229827833487 -0.000300621732095211 0.0175084444726148 -6.09338882679541e-05 0.803193416911493 0.0301962823348789 0.0891518251060949
"V57" 0.008458167723804 -0.00345612035135053 -0.00277766176606651 -0.0131097597182599 -0.00448571486762131 0.00469030821235154 0.82627809683339 0.00162019752135392 0.0783454673556837 -0.00206230015844029 0.00127746915266725 0.00188171524785841 -0.000288922760257467 0.012372979134969 0.0012892131286407 0.803228775857263 0.0305905903078754 0.089267259381522
"V58" 0.00929863779775704 -0.00344308773333695 -0.00418440260232236 -0.0125949266599423 -0.00146621491961588 0.00329705041987072 0.827078554092087 0.00162684824774347 0.0769561719634238 -0.00188540541069834 0.0018344839173478 0.000970282968452394 -0.00222207626819527 0.0102386280130653 0.00292329652623871 0.803387025425739 0.03114934973716 0.0883400530455754
"V59" 0.00691305631968952 -0.0037799709246963 -0.00366408928564947 -0.00864557980105361 0.00264441524502341 0.00213632748725144 0.824655345922973 0.00128293495371564 0.0774923680675263 -0.00163928001986066 0.00136694767223611 0.000990335003462935 -0.0038708783633614 0.00851282909663765 0.00357231253183796 0.803614486540887 0.0306838264359961 0.0883427863801891
"V60" 0.00342106558459678 -0.00234570486037509 -0.00302358960850797 -0.00747193913465996 -0.00103124291364947 0.00257745821658364 0.821128417804751 0.00270941292100509 0.0781470661317611 -0.00145365027186288 0.000358435714386289 0.00175485719455514 -0.00450114389281998 0.00781284899930128 0.00343479598908887 0.803781397506638 0.0296776454203618 0.0890886680810188
"V61" 0.00064643657177299 -0.000683447327463522 -0.00366072184079403 -0.00835928628623006 -0.00491469656550288 0.00494121031215134 0.818321702566474 0.00436305801400746 0.0775223510154259 -0.00105205661300435 -9.71460595518227e-05 0.00217836267010854 -0.00564993056132314 0.0085816101727451 0.00290966590916417 0.8041641864662 0.0292247268634059 0.0894924289928373
"V62" 0.00019853094533356 -0.00119768680055344 -0.00287046164676994 -0.00845989658113064 -0.00257562495855786 0.0071101557336342 0.817844594323719 0.003839371482321 0.0783231753532067 -0.00164055848643444 -0.000768785968669219 0.0024883251761839 -0.00775931683905114 0.00677894562297865 0.00258158637850654 0.803556785013833 0.02855606015784 0.0897817772310095
"V63" 0.000452075610631931 -0.00204656122264404 -0.00273971477006108 -0.00771957829762131 -0.000922592560527655 0.00694509833074754 0.818071702917272 0.00298023704119783 0.0784625691415575 -0.0017110190559272 -0.00141602630407563 0.00219401302227271 -0.00886270527943267 0.00415018997808175 0.00300961521355858 0.803467322544052 0.0279120486477233 0.0894662168822833
"V64" -0.00068051629789888 -0.00241523448569457 -0.00305486998276858 -0.00880517152402104 -0.000200515535717 0.00562979380188734 0.816915344240109 0.00260049697331184 0.0781541122206312 -0.000194566934031012 -0.00246535606451007 0.00198075210328317 -0.00628456301702228 0.00273086626199565 0.00360270355388511 0.804964651681991 0.0268661184126251 0.0892312933674565
"V65" -0.00103152057197061 -0.0020665853131208 -0.00272190931413587 -0.0112193132980251 0.00186299696775025 0.00451400249761656 0.816543092808402 0.00293725416104513 0.0784917936710553 0.000377526435224306 -0.00345198849931706 0.00184803239732399 -0.00172968461420552 0.00240243843255767 0.0030939064115523 0.80551752119373 0.0258829310092492 0.0890766970255998
"V66" -0.00228845935434754 0.000425021115328809 -0.0024786846836265 -0.011368573805301 0.00526446133491856 0.00490548870125361 0.815267262239566 0.00541613599032915 0.0787377501410621 0.000585104451656284 -0.003960646382875 0.00122900935708804 0.000557017594071409 0.00336668755825394 0.00183995261299238 0.805705822909072 0.0253776005295335 0.0884357546467492
"V67" -0.00429350157590757 0.00211437621502206 -0.0015799025532097 -0.0133079614329718 0.006694676419566 0.00746369111949678 0.813245466030041 0.00709199774365796 0.0796372798491517 0.00126223962588439 -0.00446325151980615 0.00127566977136861 0.00062080812039917 0.0037523834287432 0.00144627463419573 0.806363721667587 0.0248780178841295 0.0884605955464635
"V68" -0.00450990782615202 0.00124198368732745 -0.00161747461275874 -0.0149331334394493 0.00362037516642348 0.00865226437504784 0.813014163821853 0.00620547824743807 0.0795985064798202 0.00132115935891401 -0.00369242586290615 0.0016959785652447 0.000175754284332155 0.00333618270049837 0.00159294839168662 0.806403526154788 0.0256513657280876 0.0888593097490683
"V69" -0.00451375627262233 0.000216409987852053 -0.00163765999260604 -0.0119636321405911 0.00431099477750594 0.00680610908721446 0.812996979126337 0.00516530024759077 0.0795752277224221 0.0014542561103909 -0.00272833036610201 0.0015263900661327 -0.00144908729811465 0.00193216417720131 0.00237344296858882 0.806517754968444 0.0266173109397851 0.0886684687999946
"V70" -0.00514868750995894 0.000626672427665422 -0.000160931994765524 -0.00942639760376315 0.00949024627095691 0.00406972811028334 0.812349962593112 0.0055605994349983 0.0810470414555434 0.0015612677663489 -0.00223412810814567 0.000967907054071586 -0.00345704509601416 -0.00120337610419981 0.00422880962680087 0.806606235977965 0.0271125675827775 0.0880891861079897
"V71" -0.00712475207557346 0.00230425205019002 7.41311012521206e-05 -0.00858230752821513 0.0105008728531965 0.00336915725717984 0.810362738130404 0.00722296345072956 0.0812754719121049 0.000808072802832713 -0.00157207698995321 0.000832126784334875 -0.00371172592805917 -0.00385004950996586 0.00484675125026083 0.80583495612315 0.0277748023439419 0.0879331465371178
"V72" -0.00822304556364133 0.00300991978924296 -0.000462985890134713 -0.00860372760242246 0.0079397362897455 0.00622477794462504 0.80925385370587 0.0079132999668171 0.0807301270928741 3.51268234711642e-05 -0.00176024247551503 0.00109902159385868 -0.00318041127488478 -0.00485290541307413 0.00417128179252807 0.805044434051238 0.0275859086284956 0.0881803928231026
"V73" -0.00690466805507465 0.00319348405482592 -0.000277328701758059 -0.00820374464157821 0.0055662884306454 0.00801238422330675 0.810561816786461 0.00808159772601629 0.0809060959696641 -0.000323406185106774 -0.0021970062537451 0.000777144897467737 -0.00260839347096353 -0.00488288188367367 0.00368985608244044 0.804668874355832 0.0271474817515084 0.0878395339177176
"V74" -0.00600888607600441 0.00430265547519749 -0.000228081525822871 -0.00635699371468578 0.00825783590914387 0.00612106174437801 0.811447010059722 0.00917576448758059 0.0809443061637292 -0.000931039104512786 -0.00298976029967614 0.000539718093762133 -0.00128857372022977 -0.00366489024004924 0.00312713677327149 0.80404476732207 0.0263520947130849 0.0875838414140914
"V75" -0.0055308461839491 0.00476843444897591 -0.000152346481796064 -0.00767544256912793 0.0139652209191449 0.00429729579369969 0.8119139778755 0.00962702039779437 0.0810077734331965 -0.00131023012033158 -0.00346378503709372 0.00100259820467261 -0.000555143681126904 -0.00331580485053628 0.00271190784321681 0.803649629518622 0.0258744119716812 0.0880292088832753
"V76" -0.00522842299685341 0.00481663018549949 0.000287642384431625 -0.012395663493092 0.0117568693016481 0.00386600081022701 0.812204614240414 0.009661404859396 0.0814343771827146 -0.00107577979545226 -0.00242773004373762 0.00128476751182984 -3.14701434140382e-06 -0.00554719929325476 0.00169111241705046 0.80386860583444 0.0269057127059793 0.0882946552355073
"V77" -0.00389591792544248 0.00430650457527893 0.000553486154433322 -0.0157253296737513 0.005576577757962 0.00511744916733424 0.813524440077333 0.00913840726857821 0.0816858406997285 -0.00104650243867244 -0.00216479183022591 0.00134216406870131 0.00229686099238237 -0.00679638724739622 0.00033509263590914 0.80388283049577 0.0271627463327448 0.0883361635073309
"V78" -0.00173307453791856 0.00242488143318833 9.30928844010844e-06 -0.0168826040636105 0.0043073115158965 0.00577312373713811 0.81567356766963 0.00724504298761452 0.0811264177200204 -0.00157138318171096 -0.00247927827161766 0.0013481568593765 0.00426174553898285 -0.00678299539884412 -0.000463058800454978 0.803343274569382 0.0268411764898885 0.0883271513930305
"V79" -0.00241450729019376 0.000413498032895215 -0.000288725896599932 -0.0167659032616199 0.00684079407937564 0.00195838823714286 0.814977357428402 0.00522316168442484 0.0808123845395555 -0.00219101647464573 -0.00189494517459086 0.00120202708492709 0.0041683724557515 -0.00740119282942682 -0.00174522361123735 0.802709278210983 0.0274172348390547 0.0881669449486725
"V80" -0.00335280523098066 -0.000867111360692229 0.000528926154204615 -0.0157271457967289 0.00900682341294876 -0.00188037377016288 0.814023192292263 0.00393331452877503 0.0816133850314625 -0.00264252291253911 -0.00101798119793716 0.00129841211430209 0.00375602440760433 -0.00641292241948218 -0.00316223792885705 0.80224365319589 0.0282847370982848 0.0882502192751945
"V81" -0.00145655755455718 -0.000909384751250764 0.00107947698200034 -0.0137164913116266 0.00531330461643468 -0.00146398055374279 0.815902493201832 0.00388299563592467 0.0821467405773091 -0.00395608566680332 -6.84383456270417e-06 0.00112159722546246 0.00259737293238316 -0.00640032651027081 -0.00409253543126619 0.800916091520035 0.0292852651926999 0.0880612889873925
"V82" 0.00139272020711096 -0.000949369468471666 0.00128806114019443 -0.00910169870487207 0.00162692381861215 1.0808150193417e-05 0.818733747669291 0.00383605714597557 0.0823377054087207 -0.00512479696026768 0.000480187717147076 0.000341885771396219 0.000442853739684698 -0.00980766103133283 -0.00433253463219015 0.799733369889615 0.0297606243179774 0.0872704766543931
"V83" 0.00368279861345809 -0.00164263033463963 0.0011669566604452 -0.00455484635551408 0.00596853174997625 -0.000649276304556837 0.821004868052766 0.00313682394502545 0.0821986950821242 -0.00476834757938225 0.00051038111169407 -0.000141154594876224 -0.000214207797947497 -0.0114125317903601 -0.00422106143906665 0.800075604591247 0.0297781960830495 0.0867773416701306
"V84" 0.00465070265296132 -0.00151975928338202 0.000813852317777401 -0.00500193971806278 0.0103682389415609 -0.00230428544254975 0.821953113136953 0.0032545796425945 0.0818275267965185 -0.00451642223108365 0.000346391647249728 -0.000413283428020267 -0.000135065873681176 -0.0103015692937235 -0.00389709389973558 0.800312922928644 0.0296007608779448 0.0864960868706842
"V85" 0.0056847670292511 -0.0011553107856488 0.00117532747987784 -0.0076712808424737 0.0101230358595521 -0.00105425511854394 0.82296714309491 0.00361464777136071 0.0821708966659824 -0.00350644581775442 -0.000612741313893226 -0.000599698888539295 0.000665077495613724 -0.0104041666002531 -0.00268825025623444 0.801307730849714 0.0286274699008583 0.086301457402281
"V86" 0.00779074761070953 -0.00115013457150967 0.000569561969416593 -0.00903800777715541 0.0078018000769189 0.00240309795782185 0.825053050279064 0.0036160682935867 0.0815470834618256 -0.00185321914748683 -0.00122222983918689 -0.000848197899911725 0.00406948405208079 -0.0108505893147014 -0.00283755236082087 0.802945117413506 0.0280031931856502 0.0860455859735604
"V87" 0.00846659166382728 -0.0013919826192019 -0.000232964548003054 -0.0106579000921446 0.00415448861576858 0.00444760890066508 0.825709193872718 0.00337099161174075 0.0807266555100441 -0.00125156092293497 -0.000678989473117519 -0.00145824577671855 0.00698334833193444 -0.00895468740095008 -0.00389049869724279 0.803530201187731 0.0285310620242301 0.085428926659207
"V88" 0.00690152545457482 -0.00146473840646827 -6.09899154462165e-05 -0.0131551407575806 0.00304145442395215 0.00535851143789223 0.824125235371021 0.00329543695301663 0.0808809203034238 1.07051293287541e-05 4.22521528699662e-07 -0.00172943415126751 0.00707540250619208 -0.00708292114138404 -0.00331995244370294 0.804775191141865 0.029194564216012 0.0851517904008827
"V89" 0.00553999605268022 -0.00133137186421717 -0.00106805899575568 -0.0150550716695331 0.00329007732922973 0.00633743985181371 0.82274597763719 0.00342634000520869 0.0798563641618256 0.00128786047053972 0.000685204770347388 -0.00228815102192062 0.00508385538451755 -0.00668260227043324 -0.00343203258030215 0.806034427784911 0.0298629642644178 0.0845876758906276
"V90" 0.0054060194113227 -0.00239526255685205 -0.00110509970482762 -0.0163872234422579 0.00198499826569732 0.00758081765146759 0.822595736891415 0.00236022372008483 0.0798020582624771 0.00205819167583316 0.00124188514875449 -0.00295296540121644 0.00268560279546926 -0.00556665638752312 -0.0039849026903429 0.806786330196605 0.0304028858632209 0.0839178825101714
"V91" 0.00551562426521717 -0.00352562388131659 0.000546662237302341 -0.0173665727695555 0.00206135290748829 0.0082975961460129 0.82269077796717 0.00122776280938582 0.0814367670977706 0.00303729284945117 0.000703669154335011 -0.00263727703050871 0.00268956835938221 -0.00543159521512106 -0.00262060332521817 0.807746657803169 0.0298476492787949 0.0842288645128224
"V92" 0.00500507098471768 -0.00420657770395521 0.00108957333415914 -0.0148717223536327 0.00220388305611113 0.00761093014949406 0.822167549399898 0.000544678333118425 0.0819628624654089 0.00299148935555977 -9.81952175356175e-05 -0.00290007447572973 0.00410975055160705 -0.00642933921666377 -0.000858269467272539 0.807681944247524 0.0290286098568145 0.0839614840834591
"V93" 0.003697381780662 -0.00486774198966067 0.000960662985554802 -0.011927037324574 0.00302991235589617 0.00570974574887547 0.820849238138989 -0.000118834283508653 0.081817428090906 0.00292430178812378 4.59231436989254e-05 -0.00374229882906447 0.00574343245640207 -0.00641662403365044 0.00014274479531216 0.807595916903468 0.0291554770346491 0.0831146539653904
"V94" 0.0022779092416644 -0.00421028762378385 0.000343893066494401 -0.0140938917870974 0.00399957380002511 0.00313081158205735 0.819421303016661 0.000535848251951137 0.0811844991247207 0.00286559778110147 0.000724986476080155 -0.0034899290412923 0.00686545176621164 -0.00507482650046926 0.000529165812667709 0.807518653515464 0.0298172757445239 0.0833622401750952
"V95" -0.000129734932653546 -0.00352693823765049 0.000442080240381744 -0.0159662312881778 -0.000510724504319647 0.00137820126581439 0.817007352197099 0.00121581940031218 0.0812669433381032 0.00192577482678142 0.00145183170975952 -0.00265875998961629 0.00405021088527924 -0.00223778115605386 0.000210559129194097 0.806560707053523 0.0305269102312799 0.0841882998262922
"V96" -0.00472929822750638 -0.00277898842431564 0.00149085287692569 -0.0143764674524351 -0.00321042683369868 0.000755164104565931 0.812403547740329 0.00195963450298405 0.0823004341780455 0.00106987729217397 0.00157913267792108 -0.00219035906356216 -0.000494293770735854 -0.00347824927924701 6.27900870674647e-05 0.805687265598138 0.0306371539340996 0.0846511437355688
"V97" -0.00843151807296912 -0.000857220574064812 0.000765408907821513 -0.0117835632027224 -0.00236638703716084 0.000741988993036987 0.808698873747574 0.00387642455059382 0.0815602209193892 0.00124533183504788 0.000585651039019178 -0.00219199912556205 -0.00216634281916132 -0.00909033670397633 0.000859915266117886 0.805845860237832 0.029626871231605 0.0846434194614758
"V98" -0.00830731069733651 0.000323686908278249 -0.000507182023678656 -0.0088632424697394 -0.00544275671427893 0.00146626459467289 0.808821975756159 0.0050514952924737 0.0802734208663726 0.00288398939710702 -0.00101881572264804 -0.00241026448473096 -0.00186521555104155 -0.0105282199415584 0.000822623439543118 0.807468400004747 0.0280059300237446 0.0844184767720811
"V99" -0.00654021220006719 0.000432433172261283 -0.000875875851786834 -0.00790699014841059 -0.00445667740185952 0.00147097376686427 0.810588839166271 0.00515359958517136 0.0798910843974483 0.00373002159470552 -0.00206675855504366 -0.00269213610796617 -0.000704493890726605 -0.00731969189648898 -0.000935460473018934 0.808299158834236 0.0269418496389744 0.0841292766072592
"V100" -0.00641275341546352 0.000324307770311707 -0.000290442223745843 -0.0101764679469131 0.000199916421671191 0.000864398481786902 0.810716481117408 0.00503811009881235 0.0804634154898202 0.00360524980826447 -0.00206699801792859 -0.00273585889129257 0.000744302398858678 -0.00247624392625204 -0.00145226058320276 0.808160100145171 0.026925760075114 0.0840775113930019
"V101" -0.00772538305214829 0.000153890366637598 0.00178560460964778 -0.0138853492319376 -5.50744532219202e-05 0.0012275891599189 0.809404069873957 0.00485970227519511 0.0825268814171021 0.0038201437312753 -0.00104112682818621 -0.00248198981223885 0.000581148612284821 0.000976572672087323 -0.00105871093490547 0.808361842527828 0.027935999434071 0.0843225610678047
"V102" -0.00776607229630947 -0.000496167333374618 0.00319916183923074 -0.012794130098983 -0.00276137400664201 0.00177085031917204 0.809363264863794 0.00420110083077706 0.0839284205732134 0.00240587931127496 0.000962672395565152 -0.00259020562647801 -0.000939754572292574 -0.000963653450993607 -0.00248404081830577 0.806935706598959 0.0299243417232318 0.0842046943141553
"V103" -0.00614821426185701 -0.00151230840643366 0.0034034285511001 -0.00714626383394808 -0.00676967717327791 0.00125688048230777 0.810980309283407 0.0031759150852019 0.0841213392917543 0.000530828122162119 0.0019735673828935 -0.0030282716908025 -0.00142092543978179 -0.0050524785018667 -0.00322583217818479 0.805050146691036 0.0309199843738833 0.083756097391114
"V104" -0.00526535988005395 -0.00133816082066916 0.00329644102963013 -0.00532709560582117 -0.00638998039103631 -0.00110169524192501 0.811861367062911 0.00334052743871734 0.0840038189010859 0.00011471441237432 0.00158453605498409 -0.00341545616710203 -0.000178245316824809 -0.00600388544299891 -0.00206422803750245 0.804624898657981 0.030515992384543 0.0833574471002176
"V105" -0.00619370591559403 0.000231195118012555 0.00253315065635562 -0.00493268964860638 -0.00337143817581948 -0.00322492879654693 0.810929986389413 0.00489986687567017 0.0832309454770411 4.8080093898804e-06 0.00150021149245336 -0.00324474088623177 0.000930413308941377 -0.00421293903358352 -0.00178078022056964 0.804507181266159 0.0304171021348177 0.0835157012618689
"V106" -0.00756897227748795 0.00195153112739396 0.00242336683821269 -0.00436762546094469 -0.00635149326843298 -0.00255724936672888 0.809550251983203 0.00660974586572786 0.0831126361981676 -0.000293291726084603 0.00132306888315979 -0.00254470665904271 0.000685616506344396 -0.00150925681249769 -0.00203914580791186 0.804202528100503 0.0302258814887934 0.0842022174500857
"V107" -0.00745515581837326 0.00189997533858602 0.00324743343074679 -0.00724498235516831 -0.00961772357692569 -0.00202468784909739 0.809657936949338 0.00654740035556498 0.0839293203929454 -0.000863424575065424 0.00110639935314785 -0.0022488016613429 0.000973552190808079 0.00194131566360533 -0.00113142663692496 0.803627018342818 0.0299956977010596 0.0844835139421104
"V108" -0.00647329694812759 0.000593978891427828 0.00323303996511367 -0.00808889289501493 -0.0138051799383305 -0.00250170795149237 0.810631746132236 0.00523041327981337 0.0839087724487601 -0.00181885737494151 0.00128002826860691 -0.00182345479695933 0.00362291976095807 0.004262714662267 0.00024770417756148 0.802667273636752 0.0301564363919886 0.0848931548767805
"V109" -0.005792791404113 0.00115639043230607 0.00174402143117068 -0.00545925127288124 -0.0162466438325314 -0.000704060808844248 0.811302105775501 0.00578174905537835 0.0824149044940821 -0.00337192033440295 0.00224903497983501 -0.00144479443222605 0.005888145794517 0.00509871760082862 0.00093739019987568 0.801110826372399 0.0311132360313248 0.0852550328940968
"V110" -0.00326753381423509 0.00227601761863556 -0.000124903089574415 -0.00466596378896505 -0.00926708726383 0.00306131547484561 0.813814994564099 0.00689031115639634 0.0805424730543424 -0.00389582263183774 0.0036361477987315 -0.00205388244530773 0.00475881367087851 0.00654674123708787 0.00134857226431054 0.800584281618002 0.0324889083202802 0.0846281136959195
"V111" 0.000420065793999627 0.00156989530907533 -0.00137025203645755 -0.00515879373322769 -0.00146313989919036 0.00514060406350458 0.81748797814357 0.00617324315778758 0.0792949144502884 -0.00254647297158485 0.00334845831720892 -0.00245457305826325 0.00175261159526011 0.00737626105263384 0.00194127499877316 0.801931507407263 0.0321906626937867 0.0842085776568376
"V112" 0.000913394563188904 0.000665804958992739 -0.00139330521700848 -0.00514598365454055 0.00301982975326468 0.00264118851644452 0.817964559840109 0.00525843635520869 0.0792708336891415 -0.00224361703554091 0.00278716775142913 -0.00233894310016485 -0.00154931970507318 0.00755594521622824 0.00169696760837051 0.802232572639821 0.0316198339750163 0.0843043607375136
"V113" -0.000442383122238548 0.000326317908544283 0.000205003757946047 -0.00478137284230064 0.00101573272959959 -0.00220248875761792 0.816590108550322 0.00490853320140821 0.0808691630295894 -0.00277832470198898 0.00293828819143961 -0.00213492945488126 -0.00479069707864146 0.00689133160066825 0.000712964499022652 0.801696241274184 0.0317625490526714 0.0844875313408855
"V114" 0.000951373406736681 0.000406749530869359 0.00147310958381099 -0.00283347497846183 -0.00628360796368836 -0.00527818145215372 0.817963474337204 0.0049788881757075 0.0821382363283916 -0.00206825768591265 0.002255866780267 -0.00174836572497381 -0.0062248338926218 0.00332582696010514 0.00123740140182111 0.802404730660322 0.0310729396553346 0.0848522730404475
"V115" 0.00476858065138616 0.00117272909811473 0.00083942103 -0.00268263196746047 -0.00778806693711571 -0.00610226667142586 0.821758793824092 0.00573515973946386 0.0815064195001697 -0.00107231840901551 0.0014891365499543 -0.00171928903209115 -0.00606949939716401 0.00137748180063949 0.00361313934205998 0.803399013202612 0.0303002999559168 0.0848585774632563
"V116" 0.00708221735805514 0.00116955972127112 -0.00117252642976654 -0.00645741886529013 -0.00650170118032236 -0.0058350418702002 0.824049388515677 0.00572269084360366 0.079497219059793 -0.000367155742625408 0.000591880563222524 -0.00170136655383836 -0.00623803447849864 0.0044417848826556 0.00425105416778958 0.804102379377836 0.0293984323075558 0.0848528170917437
"V117" 0.0062614050823926 0.000347413557689888 -0.00287583920598744 -0.00917992414654564 -0.00581435739592399 -0.00531100959804751 0.823204774088599 0.0048917005434832 0.0777974383364065 -0.000195432939086779 -0.000811122408116703 -0.000990354939215086 -0.00555950620199197 0.00823076185167127 0.00172058949511716 0.804272130055958 0.0279920815105604 0.0855392825056163
"V118" 0.00539718366129997 -0.000335859109158466 -0.00296964000361113 -0.0109556818136257 -0.00632236251274516 -0.00269598636897523 0.822316451628775 0.00420006320850017 0.0777077981190702 -0.000859122420395824 -0.00125993104502843 0.000248989413687568 -0.00365514556022488 0.0106847525712713 -0.000862678617514418 0.803606294022554 0.0275411052514418 0.0867532861503863
"V119" 0.00648441939296335 -0.00211115908696233 -0.00323596653860808 -0.00957750419082185 -0.0102846382985205 0.00246445836218188 0.823379693924357 0.00241686275961995 0.0774460607040448 -0.000797556311990655 -0.000114920443656828 0.00148871514895307 -0.00189883855119987 0.0116493021902494 -0.00177851049314757 0.803665520497707 0.028685010129577 0.0879669880383542
"V120" 0.00851656993012046 -0.00397816849057414 -0.00356049515333899 -0.00419851789512725 -0.0123070076333017 0.00611463384427893 0.825388334162402 0.00054233188369189 0.0771263449281303 0.000131084130997824 0.00110047553672843 0.00220865172893879 0.000236816785383026 0.00921882033320924 -0.000937669976166485 0.80459162557349 0.0299002649991064 0.0886603782870389
"V121" 0.0113422235677165 -0.00399107181318968 -0.00395294418911707 -0.00314514873434068 -0.0101846824454292 0.00604347143390668 0.828191375700373 0.000522134544214456 0.0767387288477027 0.000343481466523395 0.0015155777401482 0.0018698368382787 0.000729186055713153 0.00620216607994451 0.00146035324606725 0.804801288606039 0.0303161409845348 0.0882946926156896
"V122" 0.0124155401957177 -0.00368898849952596 -0.00523989816271598 -0.00282006965422124 -0.00397237385235426 0.00354076335132643 0.829243494677428 0.0008169637173736 0.0754564093502579 0.000431267830206175 0.00206195952750694 0.000867860266365887 -0.00185333582990582 0.00509246100437514 0.00341618354112949 0.804886179470216 0.0308642070004217 0.0872657099017777
"V123" 0.00951261835206481 -0.0033897867097998 -0.00437615917556464 0.000234253555274856 0.000168782479091957 0.00220632227920597 0.826321328863251 0.00110876935510689 0.0763243603270105 0.000650476975273313 0.00174878284151522 0.000643562776349905 -0.00432189410116336 0.00327045340568281 0.00375505662832327 0.8051023677213 0.0305536399204357 0.0870144274499333
"V124" 0.00506309040583872 -0.00163854068008904 -0.00326217158601731 0.00118148464436956 -0.00407021086264846 0.00364892712932542 0.821854937136953 0.00285233628646149 0.0774419217745843 0.000752442806975258 0.000500171535542982 0.000964462416954489 -0.00552897052707053 0.00273901110055944 0.00344093516617674 0.80520123635253 0.0293085776859154 0.0873084841235745
"V125" 0.00178116510959484 -0.000265735189061758 -0.00380837820017475 0.00156664613406176 -0.00760691622072854 0.00603243209334238 0.818558770430947 0.00421709955835765 0.0768984802447777 0.00123032127688466 -0.000356884844605006 0.00133057636147848 -0.00611884982261395 0.00418580467500571 0.00306508012566989 0.805675982797538 0.0284559855285092 0.0876480034501143
"V126" 0.00105426267180115 -0.00112508521066644 -0.00341824539142891 0.00183179164614048 -0.00645427882947743 0.00772234401499152 0.817820326025517 0.00334932522477095 0.0772904380564642 0.000948314407109494 -0.00125987298478592 0.0016570679950876 -0.00664005841799565 0.00348596414886929 0.00267138890803728 0.805390872960841 0.0275583048834385 0.0879482643716923
"V127" 0.000592819937761215 -0.00207500799003461 -0.00357944873064472 0.00225456942147268 -0.00470105042890227 0.00666369735099525 0.817349939661079 0.0023905949755039 0.0771299931842552 0.000915574959146246 -0.00193797292123749 0.00128729211670824 -0.0065549064541741 0.00218129298522221 0.00290828784464128 0.805355126521609 0.02688623839509 0.087552739224071
"V128" -0.00110127179800407 -0.0023932301292643 -0.00390885681761758 0.000879904454567356 -0.00256419770634476 0.00383447089459857 0.8156493920962 0.00206315682648456 0.0768001718364778 0.00197793988627639 -0.00255672457773939 0.00128218668020646 -0.0035039297416768 0.0014593936072228 0.00361742889166938 0.806414630840316 0.0262740976186371 0.0875224743920212
