"SD_test_body_acc_x" "SD_test_body_acc_y" "SD_test_body_acc_z" "SD_test_body_gyro_x" "SD_test_body_gyro_y" "SD_test_body_gyro_z" "SD_test_total_acc_x" "SD_test_total_acc_y" "SD_test_total_acc_z" "SD_train_body_acc_x" "SD_train_body_acc_y" "SD_train_body_acc_z" "SD_train_body_gyro_x" "SD_train_body_gyro_y" "SD_train_body_gyro_z" "SD_train_total_acc_x" "SD_train_total_acc_y" "SD_train_total_acc_z"
"V1" 0.179974652290953 0.122536481421725 0.0967069949481864 0.411937501867216 0.338274172956836 0.249660979766336 0.401725583542953 0.410386609483166 0.306837986072207 0.198317098325588 0.125659992618754 0.111203707005483 0.418436689679522 0.374442228212661 0.25878591275824 0.414103420281175 0.390979738565351 0.356995593811501
"V2" 0.180451416645089 0.122353425499263 0.0962032666074173 0.41340293193576 0.342479205413914 0.251507311437434 0.401591215802954 0.40991060028552 0.307083284840739 0.197407136047971 0.125686441403089 0.112123819465742 0.418014459303499 0.378747663089956 0.260245847961973 0.41373064642099 0.391573298616806 0.357887072597365
"V3" 0.181603393903945 0.119396753688113 0.0966947899042948 0.414143769297499 0.334941750550171 0.252485272562906 0.401685424183586 0.40909913239057 0.307218091631062 0.197975817827064 0.125726288863593 0.112142174660058 0.416851279303232 0.383092120423817 0.259674148155653 0.41438983124218 0.392132553199692 0.358156911359004
"V4" 0.180157388840158 0.119902871178287 0.0968391351996446 0.415947617160072 0.326874140088115 0.251017019352321 0.401334192215653 0.410417247488144 0.307045703173231 0.196810944401698 0.126422236220452 0.111592932470837 0.416493826356458 0.386220690423292 0.257387064041122 0.414365829723896 0.392026452721774 0.357741396053032
"V5" 0.18023005994199 0.124802552825864 0.0979360652924924 0.422883958453722 0.335421950036776 0.246435657004849 0.401744350081093 0.412117414335675 0.307294782928941 0.195771345579448 0.127270582355891 0.111411290395699 0.415895791855294 0.382920633106061 0.25708521314373 0.414288297935796 0.391668666083929 0.357404120508553
"V6" 0.180537879520428 0.124148944435809 0.0978555248588891 0.423362411010504 0.340156835146257 0.249026089162091 0.40240125710541 0.411263484407655 0.305414846542143 0.196651743836038 0.127566528523847 0.11234087132779 0.413806845091507 0.377074806940558 0.25917866285168 0.414916981348489 0.391771868431839 0.35788522641177
"V7" 0.181573060851418 0.122678382324429 0.0961793205820861 0.413821686113032 0.34531048274111 0.249851874240564 0.402953281150532 0.41057077413957 0.303876607681773 0.19538103305713 0.126687119050032 0.111658624342578 0.410787784446127 0.378151074736462 0.258788143865153 0.414224682788763 0.391398922834456 0.357659956794085
"V8" 0.181461117060573 0.124936021552563 0.0951297234357996 0.406004892240145 0.34486812129965 0.247486528832998 0.4029827617638 0.411506080072746 0.304241928908107 0.194239374515806 0.125946700114404 0.111788076715342 0.412781230451547 0.38015468028104 0.261274453451789 0.413467270532661 0.391680777804529 0.357150873476547
"V9" 0.183277952129613 0.124204478430176 0.0951393826580708 0.406990590889884 0.334384129135952 0.242038332421325 0.404705549846773 0.411041024512131 0.304443198092284 0.193353984669903 0.125358826576176 0.113860828843811 0.414129993418106 0.373642901179527 0.262386069633065 0.413144301804228 0.392546315368743 0.357685950440918
"V10" 0.185731556466005 0.121816392692875 0.0972060234028254 0.409449512290385 0.333218639221347 0.240249407509237 0.406312326820652 0.409591317764337 0.305688558027259 0.196055399280469 0.125421523983842 0.116482740734514 0.415347148894251 0.374451014688524 0.262408909486913 0.414630625211045 0.393256788183328 0.358527194283088
"V11" 0.184781166960409 0.120164313618976 0.0985134712137793 0.408930100389547 0.341716131111636 0.24709505937501 0.406276480209633 0.40899191484399 0.306572296741713 0.198017157607611 0.127188322800882 0.115025332185026 0.419384235936332 0.377856972144158 0.261277910547325 0.415781219261464 0.394228705599244 0.357498743221862
"V12" 0.184925416487862 0.119317395946158 0.0978871691854373 0.411117998388458 0.340899660045645 0.25007747873048 0.407352648568977 0.408784313217124 0.306006425753007 0.199713237619949 0.127304818717817 0.112608048730198 0.420337452326504 0.380952901761034 0.260751908591894 0.416897141503561 0.394178055062611 0.356142647782498
"V13" 0.190005824478515 0.117500973125819 0.0980405217232355 0.411821585545714 0.340475250113226 0.247067056252636 0.410886613278106 0.409017664710845 0.306070749412168 0.200965705808089 0.125700435988705 0.112668107955769 0.423136434248548 0.38040781606282 0.260900216135051 0.417627408817022 0.393593772059219 0.355728393698309
"V14" 0.194446698923732 0.1203468922982 0.0976963993393182 0.408322805840399 0.343072281457809 0.248477432017245 0.413576887845867 0.411475455399171 0.306208814908543 0.199548343669604 0.124534118845877 0.112350834447136 0.421323933375038 0.376988369179499 0.260422400272344 0.416828898021732 0.393389982628088 0.35562089217639
"V15" 0.189209631013761 0.122567299281851 0.0974872301690005 0.405064390982775 0.33769295175823 0.252936036019072 0.410218792340372 0.41244486893125 0.305936710589741 0.197509121394793 0.123496465355145 0.111417792637297 0.41846956876727 0.370954823009257 0.256176678085781 0.415633005388903 0.392758829266545 0.356227247410827
"V16" 0.182783605768308 0.124002908225813 0.0968075757754435 0.401501137960642 0.337754923935888 0.255785774861258 0.406113373023426 0.412614306653662 0.3053515424075 0.195450228782134 0.125426077108973 0.111800978520623 0.418254296987008 0.376491530211942 0.257934632623523 0.414341737570661 0.392716432469947 0.357053810902165
"V17" 0.182713852867848 0.125505771497129 0.0971092808757114 0.396203018860277 0.345041804645036 0.256135896039581 0.405715053896679 0.4131280015585 0.305771598113178 0.194258359885813 0.125437765946819 0.110283018859688 0.422419717426941 0.378079371876739 0.259675546428263 0.412942513639891 0.392239254015333 0.356540477818154
"V18" 0.183595253830364 0.123445783972977 0.0962343993554357 0.395455775951767 0.337378735645783 0.251728945091262 0.405883040964045 0.412208072730761 0.306148121487379 0.191568619573185 0.124019032353012 0.111310901113517 0.424865864618432 0.391169495637909 0.258720969834651 0.410837885160001 0.391750393342144 0.35680094935101
"V19" 0.181493715517786 0.122229199479807 0.0980872866365163 0.39971158519377 0.334475672897778 0.246658547321881 0.404971682377003 0.41203775247391 0.30752915423465 0.190250463046185 0.122789985545914 0.111462009218499 0.426619706895882 0.391300088005421 0.256939556933588 0.410026390476663 0.39142595082276 0.356655752626974
"V20" 0.178126106643343 0.124854669553867 0.102055355083759 0.404323964081451 0.339824840350959 0.246468325449829 0.403759726918791 0.41313605494218 0.309637756306634 0.192141139224201 0.121993956853582 0.110503416075874 0.420984292477098 0.38422464639928 0.253582074558149 0.410770681572837 0.390996372467225 0.35610036675079
"V21" 0.179794850190414 0.122734001233701 0.102116825714897 0.405312340593148 0.356424481226792 0.247213927061016 0.404708199198941 0.41243533826903 0.309438002391594 0.19319522390494 0.12218230740044 0.111083476920117 0.418227519383048 0.385083831858053 0.253740681089673 0.411534503358055 0.391207908691112 0.356223430376811
"V22" 0.181831139046605 0.122556127500971 0.100361055612309 0.409545058268537 0.349556407719645 0.247405975642101 0.405485794029381 0.412692657066355 0.30866420100837 0.192409466117284 0.122945213594018 0.109571287470408 0.417113339616903 0.387644132399764 0.257032393739776 0.411508445545328 0.391657242229607 0.356072790981026
"V23" 0.18508773438386 0.125686083259227 0.100039352789149 0.412844023480487 0.346843582915649 0.252867884339734 0.406609965037091 0.414173383630462 0.308891302723003 0.191283139874834 0.12298207799451 0.107565383172382 0.417690690956442 0.384862535216435 0.257139264611328 0.410678111274063 0.391162861563882 0.356081700480388
"V24" 0.188726475271347 0.126797637939384 0.0990758205696034 0.408073327916049 0.348541500297697 0.257356711361574 0.408394558818594 0.41480466940769 0.30875795583258 0.192178766275378 0.124831417603823 0.107962314273796 0.422656246872045 0.383930255076551 0.256582930182505 0.411197090930297 0.391324703186973 0.356417875113475
"V25" 0.188273857255591 0.127382454093932 0.0972920719457063 0.403634541638331 0.356711801116878 0.25549530862181 0.408426501331316 0.415283258889791 0.308705990434127 0.194531685331563 0.125931331157911 0.108912885808507 0.425131274556161 0.388404464320208 0.258547377469863 0.412529069967055 0.391399575448157 0.35683529822974
"V26" 0.185107474702989 0.126877030869337 0.0975313725169834 0.400663309373109 0.351097705802037 0.256604915587863 0.407039237140653 0.415952276528769 0.308597500839024 0.194738601847534 0.124704180937706 0.108082490399385 0.423689726711909 0.390973868044369 0.260134878096143 0.412467648806463 0.390380920061739 0.356787469020942
"V27" 0.186360729515458 0.126091622985501 0.0952489714567467 0.398785183604192 0.345829920118667 0.25514129964507 0.407509293090225 0.416277070242203 0.306533568823063 0.193641796957171 0.123491965548469 0.107174240146581 0.420311149324626 0.390505356881219 0.259968406729361 0.412122994533151 0.389960047483302 0.356542654030668
"V28" 0.190380373929236 0.122169037168927 0.094022407827018 0.395847375862692 0.34663197824571 0.253313509613266 0.408816889296102 0.415373360091601 0.305381030226106 0.193494893700888 0.124618385460507 0.107475844106085 0.417625122659932 0.383216273209461 0.260107333921832 0.412240124783361 0.390690924150209 0.356820446105312
"V29" 0.191338484967611 0.12040154819335 0.0956343625165727 0.391731251262524 0.353955818269439 0.2521037542626 0.408799895450091 0.415601741876668 0.30631358726724 0.194814931331708 0.126028023622216 0.107225661933223 0.41810166376748 0.388354157069236 0.261137377716012 0.412964922712624 0.391241807846223 0.356988167613696
"V30" 0.189263021023991 0.122607459677411 0.094397126758248 0.383896858854924 0.351487315631231 0.251738346437776 0.407498759937747 0.416687300801398 0.306327488085877 0.196134542113242 0.124720755970204 0.107893362558332 0.417764134190561 0.389135357641759 0.259501915313699 0.414096827946526 0.390819512551055 0.357492948430517
"V31" 0.184484762612765 0.122845147309758 0.0945856171463578 0.383119628513249 0.333242290890567 0.253962411764973 0.404518853619229 0.416710859606553 0.306058425441431 0.196140569238098 0.121132667192539 0.108993041218387 0.416040037004438 0.382956539350292 0.258408552152711 0.414511017242606 0.389559314032503 0.357842355305925
"V32" 0.177100515724186 0.122438425096654 0.0954494310604884 0.382271759024223 0.328653054373832 0.252848023894227 0.399951873395433 0.415838975349672 0.306423283155379 0.196990803030329 0.121518719374902 0.108303317924907 0.412572240018265 0.383854426484099 0.260893029923738 0.414982796876625 0.389890956009921 0.357164697870217
"V33" 0.17864140863225 0.12155788330703 0.0982576251159424 0.380130947597758 0.330716918460371 0.254130487469299 0.399682444818275 0.413997264789147 0.307933243848468 0.195282770375815 0.122056145690386 0.106714750144985 0.413302971833418 0.388727194008057 0.262358533362414 0.414655443628564 0.390611444775509 0.356261484201768
"V34" 0.181834248940732 0.118194353346574 0.0985035872015881 0.38303228125367 0.338290345264273 0.252472417941689 0.401882928689809 0.411782430290397 0.308320150238774 0.194927990276029 0.122388495426808 0.105223609734399 0.414432918839907 0.382028315040277 0.2582625905526 0.415180478361032 0.391121711212517 0.355679956076407
"V35" 0.1832808007994 0.117156298712432 0.0982130062101484 0.385056554368148 0.352826227887628 0.253626661771996 0.404250226020727 0.411064704707426 0.308243589812792 0.19304393011691 0.124648072994324 0.106976585546912 0.413181767421392 0.385106855792865 0.258253877476397 0.414594623243207 0.392121374511355 0.356711962054041
"V36" 0.182540558573812 0.119939431395345 0.0967802814078778 0.386392153447169 0.354233339612841 0.25538564006023 0.404564027012638 0.41205346741552 0.306996610780036 0.191065057832674 0.125628138511378 0.106642740353376 0.411927235122186 0.390805875062919 0.260642676356785 0.41394404039242 0.392534677163765 0.357134943895442
"V37" 0.180707996385221 0.120413875447113 0.0951814950196156 0.393773788112088 0.343470429268788 0.252075251231509 0.403617278766236 0.412110123890064 0.305296146873987 0.191560957317136 0.125054820127469 0.107834394244562 0.412582816523365 0.390266838689202 0.259783926356264 0.414159917886012 0.392031579512911 0.357759032429459
"V38" 0.182716747856757 0.11826242465917 0.0912476996482933 0.400999366298057 0.340904381245866 0.252290412196597 0.404597183294878 0.411406316057334 0.303476579981685 0.194654463682854 0.125111606317749 0.108787934307924 0.412635097631269 0.391153839865821 0.261394264396485 0.415200914529806 0.391436755215871 0.358676964701997
"V39" 0.185626495606592 0.120704651816143 0.0918235173084299 0.403611095235504 0.349530320866538 0.257944224703433 0.406408100960464 0.412823902209002 0.303266932955587 0.195877814771697 0.125105245961554 0.108547030197299 0.413510259612333 0.386476777620353 0.262528567994867 0.415725699884416 0.391402810686842 0.359256871129109
"V40" 0.186571028933008 0.121450822072369 0.0933126604985768 0.404995203674714 0.348231061587953 0.261990019941482 0.407232890754392 0.413077300118595 0.304095529830294 0.193948276717375 0.124542587700849 0.108994342781351 0.41038151567446 0.386403360502928 0.260095205523603 0.415044644929928 0.391470023130355 0.360268862916671
"V41" 0.186903641619295 0.118027804132181 0.0942406599448705 0.404442494940233 0.345253654973387 0.255638925332189 0.406913611806568 0.411121021135547 0.305137789476978 0.194268301450344 0.123688816433644 0.108901029565641 0.408082535964312 0.387058529665832 0.257983987771372 0.415399494361385 0.391107642991659 0.360201702526062
"V42" 0.190165827700507 0.117780770087649 0.094676877485961 0.402136090960972 0.331315097921939 0.248384935473754 0.407588635329957 0.409990425088107 0.305141703136538 0.19440229362265 0.122597051227227 0.108189316076373 0.40985794561789 0.393609511753824 0.258719932238723 0.415424178713334 0.390840007435071 0.358426590585693
"V43" 0.187756249627995 0.119933489839326 0.0936228930699078 0.402033237927784 0.330187981364042 0.245200423161589 0.406320229686297 0.409780605265356 0.30496895664094 0.194252890497722 0.120786793949582 0.109266117413664 0.413662020605703 0.390894841348804 0.256542988446413 0.415034189947106 0.390099349643823 0.358171156737099
"V44" 0.182584995554653 0.122060850222131 0.0912470358080219 0.39880405732029 0.331782813921654 0.248262716278593 0.404321597768692 0.41016519725145 0.304931801169234 0.193401871583268 0.120257008608112 0.107612553464323 0.415837196300499 0.379847118543079 0.25580150665859 0.414257270001636 0.38959900943519 0.357765367511243
"V45" 0.175981643021689 0.124140083513508 0.0921789717930186 0.396232777196088 0.332211712110814 0.254519626843044 0.401500711493698 0.410735707974495 0.305714327259515 0.190121921179999 0.119887912809657 0.104329625750113 0.415701273623581 0.383993092860352 0.257206404159814 0.412069434940973 0.388973617420658 0.356752442240992
"V46" 0.175748610730628 0.123013764858837 0.0938644642350198 0.392435765823693 0.328415458656593 0.254978015467358 0.401962364984987 0.410785741817275 0.306909418041864 0.19023035836774 0.119655414647967 0.103150302075399 0.41261902232074 0.384518424250022 0.259276002218966 0.411592344178077 0.38805492835726 0.357311545483043
"V47" 0.182148752224854 0.122816437122766 0.0955265917010009 0.389498115953295 0.33530265926171 0.251590019527575 0.406014609259846 0.411361975941763 0.307950676683552 0.194011444583722 0.120545325798683 0.103937850308911 0.411638482563708 0.38184757376412 0.255287117329238 0.413280638258484 0.388455485117396 0.358263080822542
"V48" 0.183117034059527 0.120691699784974 0.0968191566356655 0.389601200946455 0.348030302290292 0.248358838881894 0.406672368200797 0.410024017070719 0.308568062178278 0.196447233433255 0.120208101402729 0.104370425877371 0.40839895004543 0.385504065408836 0.252885218422369 0.414046227091418 0.388621581060657 0.358523297588674
"V49" 0.179667783605421 0.119003962573518 0.0973750309152958 0.390827033339728 0.347218780520688 0.25159185267214 0.404818325189037 0.408448799153301 0.308738728522703 0.195242220198246 0.121066021997759 0.103874288933603 0.403612515821379 0.391512169830069 0.256288913024845 0.41286251923441 0.388806500788871 0.358665522015843
"V50" 0.181380946031826 0.118580388466125 0.0973201521089238 0.393312446679252 0.338350471452607 0.254873904195371 0.406192566251162 0.408318445356224 0.308594312344593 0.195002617040542 0.122087255244202 0.104822841983203 0.40495730938553 0.377733601840742 0.25726122023613 0.412661102217575 0.389760132398134 0.35911553978762
"V51" 0.184746547668464 0.119726027174438 0.0971541111286953 0.400385279725326 0.33449188483559 0.250873768107747 0.408637162137802 0.408951393464398 0.30879854047304 0.196302052124357 0.121761429574049 0.104410834520596 0.406438710686512 0.37107084719663 0.253817620813799 0.413672620609402 0.389925512387322 0.359027912869452
"V52" 0.187861553619748 0.118757461842216 0.0967844658655074 0.406756419394337 0.333818817495362 0.249298928707624 0.410695159306997 0.409464392766337 0.30963614938891 0.196662191086791 0.122365983426809 0.105344480336714 0.403813994683498 0.379088304568095 0.251471840985311 0.414174730204161 0.390031094130238 0.359171747386763
"V53" 0.187049482164303 0.118297970694757 0.0967131453327815 0.410437377177555 0.335641973709206 0.251159483115244 0.410382289897122 0.410474866394742 0.310710124377756 0.194288332675408 0.123083375491272 0.106607290321644 0.402037294108993 0.383351111565219 0.250957741656688 0.413075044831406 0.390869742687801 0.359306274512866
"V54" 0.185217601545106 0.12188445150182 0.096340199869417 0.412579370370567 0.343713496499945 0.252552924084423 0.409226527621679 0.41225322420808 0.311297036028506 0.193890646396744 0.124465286167623 0.105821820080075 0.401769324871396 0.377579865075203 0.252121820053219 0.412708741955272 0.391614446068575 0.358759778879791
"V55" 0.186876839618064 0.124966191290902 0.0971099653105411 0.40650933720894 0.345919473699385 0.254563524411993 0.409910449857749 0.414189643566706 0.312317107732647 0.195475452646594 0.12205118134133 0.102873262828358 0.402034876974288 0.377143092072481 0.253413146222267 0.413472953295852 0.39022947364829 0.357305218276433
"V56" 0.188658126106141 0.127801448712224 0.100824925989201 0.398949884809787 0.333957654433644 0.259403428992852 0.410926614009263 0.415841465685641 0.313361219808821 0.19633036948494 0.119806150433248 0.101429359623053 0.400066446271361 0.38630623273531 0.252473350793221 0.41419370620146 0.389061402878388 0.356207085555937
"V57" 0.194416631263591 0.124016485893092 0.101389974671783 0.396998164317913 0.337079467190278 0.25731069295799 0.414333031203066 0.41467827624536 0.312841807285568 0.195692979894713 0.119999819659993 0.100255647124495 0.399667973524796 0.385665672497165 0.251806397577679 0.413962541291834 0.388869046229581 0.355751554672638
"V58" 0.196702747961937 0.119084775885804 0.102073857019457 0.398422424945577 0.338820899163651 0.250871814374302 0.415792846358545 0.41338343480373 0.313405891341045 0.196494722251505 0.11950545005942 0.104031286839761 0.398937585999266 0.382046918408402 0.25150458596965 0.414291092016477 0.388111560761052 0.357403382945291
"V59" 0.191912315382713 0.120127464459414 0.0982923417186521 0.396640143809182 0.340410426153355 0.247423074204365 0.412641327270376 0.413894403010861 0.31180670550964 0.195916410682553 0.120728928359914 0.105602804796022 0.399024010120192 0.3895671501306 0.252818478093346 0.414066404052858 0.38863706368927 0.358301696570051
"V60" 0.185301987932995 0.119433550640534 0.0980995138569743 0.398060045244461 0.3393942071368 0.249812527379799 0.408245300362723 0.412929747916398 0.311317926978551 0.195632810155428 0.120505220295193 0.106028719488712 0.397087715704729 0.388664487517169 0.253777315063945 0.413944952456821 0.389314789822994 0.358466355819625
"V61" 0.183598821065189 0.118138507691943 0.0964879116060975 0.403597070152249 0.349868028021232 0.250396690996985 0.406443033011841 0.411430376925468 0.311334095699911 0.197297365016989 0.121293655081592 0.106140667098041 0.396420915783548 0.386346752450984 0.253614464637454 0.414851167792774 0.39003402013683 0.358307301159616
"V62" 0.187303909636418 0.117627646014944 0.0950680329692184 0.406123142866218 0.357171126451978 0.251787782975174 0.408202151476941 0.411616300051228 0.310257224196683 0.197804771560463 0.12298840750646 0.105188946026365 0.397003138069325 0.378086551553146 0.254600582854798 0.415066322175901 0.391114866979049 0.357835204792126
"V63" 0.187625107756128 0.118330699735134 0.0980405226946582 0.407221505638696 0.341006097599697 0.2490489573956 0.408618026985663 0.412634631371882 0.310857216522397 0.197192269145105 0.122499307419939 0.105990008304164 0.39783401784794 0.372678445608377 0.257585256920394 0.415022491750823 0.391398417048413 0.358113185792127
"V64" 0.184558971743986 0.119477366455299 0.0965099168829128 0.403503880069459 0.331029114194315 0.244875088155028 0.406866268889371 0.413030509925896 0.31065058286179 0.199932257522746 0.121746627012872 0.105519354227417 0.398497230524655 0.372908711041414 0.256779347826985 0.417016827336466 0.391813355679744 0.357880006414915
"V65" 0.182324206423502 0.12000243504732 0.0934383679123723 0.396247865046458 0.348366951570046 0.245968442268341 0.405797171960875 0.413044360547173 0.309201396937814 0.201171640172235 0.121614961534018 0.106175586022826 0.400798488682569 0.374044079266069 0.255297546294548 0.417769091784723 0.392390886402079 0.358216142745017
"V66" 0.182735022288842 0.118922803909076 0.0909878225249525 0.396144530400802 0.349660298123695 0.246261264395708 0.405248822625293 0.411610226978544 0.308191566257193 0.19964249878642 0.121779560984216 0.107615461702143 0.399589595941388 0.375855261782937 0.256141282099422 0.416996512862462 0.392735869121551 0.359396165900402
"V67" 0.18422015546796 0.114968564921995 0.0904775244365453 0.395254857300837 0.337439768911579 0.245835049915383 0.404917015044396 0.409467766802574 0.307536994666846 0.19997009014923 0.121666461431167 0.108263163527934 0.39635230785379 0.379961373381862 0.255719764983793 0.417346888902687 0.393099519836702 0.359966384582814
"V68" 0.18284177828351 0.115197012146096 0.0907217111095961 0.397649877743949 0.328723292226476 0.246169082686472 0.404233493592458 0.409794254707042 0.307443288449924 0.197969468688621 0.122614573807005 0.106767747931734 0.393983181671146 0.384981500203411 0.254307578241781 0.416442187901794 0.392968529644506 0.358969883080274
"V69" 0.182071192950445 0.119950997175546 0.0917005535015255 0.407639180907242 0.33673965046504 0.242032932174453 0.404055074567017 0.411129775303833 0.307590967170605 0.195851508385248 0.124286346647152 0.10589138629048 0.39401314134885 0.385082200328132 0.254545868696738 0.415559077096621 0.392846158859028 0.358432679182133
"V70" 0.180329676502417 0.119300579421704 0.0915103994830453 0.409485528442583 0.336999194940672 0.243506348905589 0.403437325422719 0.410408752263296 0.30567152413402 0.196612266806584 0.124184401176481 0.106694328058088 0.39312532821368 0.378008292790932 0.25561569583558 0.416049153587634 0.392586810319016 0.359296519906363
"V71" 0.179421500263143 0.118212590158175 0.0908884843655406 0.397927634153782 0.34125597265226 0.242029381013549 0.402446894955621 0.409795472881601 0.304484714115323 0.195515634137426 0.123332984744924 0.106577793114988 0.391918993984929 0.375478216135224 0.254587905661848 0.415276059131107 0.391795675287943 0.359295962206586
"V72" 0.178984322603904 0.120102363402014 0.089243695319411 0.389133797253807 0.341798281751682 0.237318865238349 0.401680456114423 0.41074079322584 0.304177158133535 0.195601665316271 0.122681989607896 0.106285925605443 0.394839057653908 0.380133776172001 0.25908222266414 0.414973105027976 0.391665331539915 0.358695438281888
"V73" 0.182159300302981 0.118233090636523 0.0899817183552861 0.387165661518995 0.329620614611327 0.232604341682145 0.403527507604318 0.410209505015832 0.304058678437822 0.195286910840389 0.121791369499832 0.108384944570644 0.39654506519262 0.373612161788838 0.261561427923422 0.414737859091793 0.392079680535613 0.35936494322603
"V74" 0.185225823485511 0.117183325508163 0.0927223791116184 0.387798749816952 0.322403786353428 0.232379419887001 0.405193923527877 0.408923094665811 0.305316021224951 0.197323210574558 0.121461081391445 0.111492425403977 0.398471134872873 0.371757973237195 0.260117342018718 0.41555213639001 0.392630054774765 0.360052571963935
"V75" 0.182935235464178 0.115595050241627 0.0938313280994908 0.387834937226125 0.336105226612155 0.239880130261839 0.404418756417438 0.407870925001586 0.305911554265396 0.197721219750129 0.121716018990676 0.110350677584654 0.402743821718526 0.373253388513459 0.258868149171198 0.415562739777823 0.393000487421798 0.358946259805325
"V76" 0.180860522102061 0.114059456220526 0.0924718188303219 0.390289864619104 0.342863834037307 0.24187353002289 0.403747169502949 0.407103036381591 0.305258999636198 0.198110136489371 0.120877371912038 0.108176534851865 0.403345106076136 0.375608589110486 0.25875986795505 0.415754030689273 0.392297749914046 0.35775130739647
"V77" 0.183827437048105 0.112940738608993 0.0927085474894609 0.390983993241612 0.341013159828855 0.235805472222651 0.405506226371446 0.407346446690497 0.305922516480621 0.197887890395283 0.119530703801221 0.108098641663841 0.404445726131468 0.37682970677982 0.256758165008023 0.415570552979238 0.391701729988488 0.357223799328768
"V78" 0.187714131632155 0.116176840100071 0.0927992375228976 0.38926015870016 0.3395575477702 0.238674107058614 0.408001668040514 0.4097079110204 0.306262707770084 0.196114826277313 0.118675665967348 0.107389681318533 0.401766133149887 0.376023022673333 0.25638108445307 0.414417048216551 0.391497355570315 0.356828776393259
"V79" 0.183579815498229 0.117829176171666 0.0942312282249443 0.387829869066111 0.330960007091025 0.24719449086984 0.405835077045485 0.410804371773087 0.30633850075282 0.19415981976102 0.11783499597923 0.105957405325044 0.399666550661038 0.369293858937036 0.25261250363986 0.413112328633075 0.390751523987726 0.356872507127318
"V80" 0.178467177562031 0.119227736475391 0.0935283676964851 0.38531453713716 0.328607949538649 0.252703138432417 0.403108466052075 0.411696908951186 0.306043616875842 0.191484040293523 0.120034777376922 0.106062612016109 0.398791936048677 0.375355021193854 0.252798845721712 0.411572063201327 0.390850276378404 0.357057337471171
"V81" 0.180500264519873 0.122092572913027 0.0941569571479889 0.378789363777868 0.333230998703551 0.251688060037193 0.404615886039652 0.412952265995971 0.306855998044079 0.190632390497524 0.121126516072409 0.105655329276277 0.402441130317484 0.37613387073661 0.255059690505521 0.410731099974713 0.390801851164386 0.356739070004999
"V82" 0.18414490931972 0.120680581436339 0.0937638192331115 0.375536343042356 0.329872014767584 0.246245239224256 0.407203437412005 0.412429452124644 0.307411740559866 0.189993297201185 0.120631673953166 0.106800286914033 0.404484708805647 0.386243474507847 0.255964361890531 0.410338364098223 0.390625235125266 0.357183059764542
"V83" 0.182610553381462 0.119968292480928 0.095615642278828 0.377606496448248 0.333034223040345 0.242592019110806 0.407268548368843 0.412176186960546 0.308538472911046 0.190491615722555 0.119545753860292 0.106655106799757 0.40570514844588 0.387040732860757 0.25292057039763 0.411047043126354 0.390321626207497 0.357068344335561
"V84" 0.177465122423362 0.123789755218983 0.0997867212254605 0.382579614230612 0.337093504541311 0.240956427332638 0.405486200092917 0.413105562843066 0.310562286108796 0.192295137855569 0.118529125197027 0.105291931054864 0.40084674660297 0.386740438603175 0.247731747553982 0.411930903142409 0.389769314924422 0.356362875252644
"V85" 0.179664747993128 0.121499915525982 0.100053916166055 0.387046166851595 0.347722072071139 0.241719815402478 0.407159743064082 0.412463681648526 0.310758249266979 0.193786510960768 0.118835793336905 0.106368697671255 0.39882477962929 0.385043687146463 0.246714859635188 0.41289115694935 0.390227286404669 0.356273935431283
"V86" 0.184491827330569 0.123002733448126 0.0993630675043113 0.391791000073477 0.342218323534376 0.245263712518419 0.41005804048001 0.413587913881142 0.310684510451887 0.193880967904073 0.120275002173442 0.106019226031397 0.397944329447107 0.383876335742358 0.25015242518036 0.413452282465064 0.391077379142233 0.356224897708728
"V87" 0.188856031658862 0.126768096805792 0.0998513916284338 0.395205879056456 0.343886603610636 0.252546143361232 0.411993615094129 0.415493613837256 0.311312759264672 0.191694000428858 0.12027083536107 0.104046094914367 0.399488882371857 0.382209447066158 0.251514087953155 0.412322893514186 0.39048481460235 0.356492577271503
"V88" 0.191560484172953 0.126637671417935 0.0976083193961797 0.390357687064177 0.350690099391581 0.255231759940586 0.412715841419877 0.415484018080172 0.310831727181297 0.192274712691785 0.121763818992898 0.104839916045751 0.405721686975357 0.381376222675879 0.251571130990641 0.412937089619899 0.390497179404849 0.35716212718724
"V89" 0.190939591328064 0.125931792776454 0.094650781474499 0.385166720348701 0.363105758727287 0.254001651373279 0.412220746586242 0.415268058213142 0.310453211454792 0.195193432719856 0.123462552683431 0.106111611963933 0.410120848887096 0.381417027901899 0.253544369244503 0.414927943236382 0.390935107930997 0.357823627544136
"V90" 0.187905025312747 0.125593004263039 0.0951014309669565 0.383567964518296 0.352998659268798 0.25670633616083 0.410901335584305 0.41616940506372 0.310485062498029 0.196232849713031 0.122293945869541 0.10533089464161 0.409359206841856 0.386455886275069 0.254507696181752 0.41572684545573 0.390312513150878 0.357916111642668
"V91" 0.188169083526432 0.125870192733925 0.0932346868443615 0.381489641254226 0.342602503535971 0.254797784721817 0.410875331013844 0.416744117713284 0.308801175169068 0.195139690161772 0.121932848415092 0.104254494898806 0.406054592452133 0.384124564102031 0.25495078519557 0.415654498093009 0.390560805967191 0.357429124817086
"V92" 0.190431874974792 0.122561438382187 0.092489700089833 0.376528326044387 0.344654041450113 0.25114781177018 0.411450256419067 0.415827219488407 0.307906992879207 0.19472536555451 0.124596595540604 0.105317052125398 0.402796815233673 0.375923372050096 0.254782781648642 0.415586353046594 0.391922573713249 0.357899409243085
"V93" 0.190217999070307 0.119906598760917 0.0939261044027721 0.373408604754755 0.353362599660338 0.250211744890226 0.410896865573867 0.415484035247886 0.30845267150405 0.19624827117357 0.125773734830907 0.105416664130278 0.403321983569378 0.384193686041561 0.256486571521834 0.416266348878721 0.39228254048908 0.358188965301677
"V94" 0.187548632467956 0.121091027974855 0.0922108322578356 0.367593769991796 0.349474630305607 0.251251470308769 0.409346552908195 0.415812550610064 0.308208290249877 0.196582576487584 0.123710505197291 0.105368106287157 0.403443632176803 0.389457831520972 0.256072904125946 0.416460383271548 0.391464478781867 0.358146481916416
"V95" 0.184181032905967 0.120701578713938 0.0923449473314598 0.368224845852671 0.331474524689745 0.25327561630373 0.407091441695214 0.415784465740832 0.308063704535643 0.197032760239508 0.119376552602683 0.106613389625575 0.40158027382807 0.38358450734139 0.25355473436619 0.416385168938533 0.389857074677886 0.358298970462513
"V96" 0.178826523906839 0.120119853593432 0.0931019789929293 0.370139644053454 0.326480773031336 0.249308256583554 0.402979624468844 0.415165953335113 0.308159468516554 0.196964906250105 0.120079048659992 0.107246888883975 0.39874180985776 0.385440613917959 0.255878853223468 0.416064899594052 0.390081533171127 0.357932314694767
"V97" 0.179606189031948 0.119166391690593 0.0954326457340697 0.368612741035397 0.327069181336418 0.248804176460391 0.401647422007814 0.413392944331959 0.309296715489929 0.195369833620423 0.121169592277262 0.10634398568518 0.399532546840556 0.389224428660703 0.257867346593049 0.415590919451954 0.390994832554413 0.357352658128575
"V98" 0.18200108324398 0.11689282756202 0.095863067809697 0.371170581609258 0.333418975541927 0.247939314263624 0.402747552984333 0.411642754831622 0.30968738368109 0.196092797567616 0.121267148880959 0.103727712073777 0.40120461399828 0.38371604427615 0.253493325383049 0.416608231331087 0.39179339397155 0.356665542791651
"V99" 0.183070691167237 0.115793462627638 0.0953759754457319 0.373102535855154 0.347392637325415 0.250787051218741 0.404191344849421 0.411043955995345 0.30921047757488 0.194471859509091 0.123622733929771 0.105525424661393 0.400469442265237 0.386351006706261 0.253926149694601 0.416135907302856 0.393117988651489 0.357614900130447
"V100" 0.182050889595136 0.117209951179697 0.0932106102423817 0.373004274085105 0.349717106580249 0.253272505580191 0.40390872428498 0.411673459603682 0.307242860191417 0.192711781389619 0.125892765106035 0.105294465203323 0.397111367751657 0.39149345431887 0.257809078356429 0.415370335945523 0.394011550810281 0.357965306466683
"V101" 0.181621788456694 0.116826283144714 0.0919495881011178 0.379135846088355 0.341000016013085 0.249446199427741 0.403367855000771 0.411613190456152 0.305044722337357 0.194407716846157 0.125386663245047 0.106524074631373 0.396899407611904 0.388331025072835 0.257471142878661 0.416206406952186 0.393134728489005 0.35838888236995
"V102" 0.185193819538648 0.114530621279411 0.0893171021359173 0.387576721546896 0.337205567665179 0.250414125355098 0.405043884225606 0.411208838986979 0.30341944208934 0.196956145795516 0.124046891965571 0.106143172777527 0.396975931626947 0.389851774431023 0.257491044513569 0.416832099684353 0.391307406929122 0.35848980520565
"V103" 0.186629816621488 0.117460662992544 0.090208855375067 0.389619959860619 0.342473517589032 0.256767624253824 0.406205989289536 0.412932345753968 0.303662410791855 0.196265345470275 0.122613300156018 0.105471742438348 0.396364091762788 0.384958941895085 0.256516325248882 0.415766731138736 0.390435535444907 0.35864804171363
"V104" 0.184595832215357 0.118071308784417 0.0914291615897413 0.391431238056424 0.343926875385315 0.258367601855014 0.405627529694665 0.413212035742216 0.304552800892221 0.192680795457637 0.121578547710274 0.104980624569528 0.393504249168115 0.383697919284103 0.254148317619708 0.41388531897361 0.390502429456278 0.358971931561912
"V105" 0.184973775676394 0.116023578858651 0.0928701867796051 0.394087823281795 0.342724906249771 0.251032957400371 0.405405074449079 0.411667655155102 0.305871632011255 0.190865311392755 0.121245117677014 0.10396541278628 0.392370699977242 0.385053165102907 0.252965886012551 0.413059886209477 0.390489945547803 0.358547676326965
"V106" 0.187749507611089 0.116662131671054 0.0937139157515535 0.39658604012544 0.33066483990322 0.244360403768464 0.405895546369975 0.410744321950663 0.306120063806618 0.189637692266809 0.120621722231507 0.104095311184632 0.395023252491754 0.388825899970885 0.254057250016982 0.412267900647786 0.390557250027972 0.357726792809971
"V107" 0.183946729839823 0.119864524661282 0.0920903165608847 0.398026479393238 0.332972327353925 0.242433447464886 0.404017800527488 0.411009209293043 0.305243646869621 0.189017531089827 0.119809611523337 0.105971564813622 0.400592476755294 0.381207907144927 0.252730629437828 0.411629259027987 0.390264424724132 0.358303758350345
"V108" 0.179136488537952 0.121571816341503 0.0895502900920417 0.396373944560759 0.333539969134036 0.244688807382872 0.402293496677355 0.411201845423923 0.304751946820378 0.187915074969375 0.119703505775147 0.104585237870886 0.401970227502464 0.371208932238805 0.253115939909987 0.410704311383747 0.38986866003592 0.358155912269863
"V109" 0.174082820407678 0.121658193175897 0.0914831759062903 0.39394741145016 0.333963829465508 0.251586265661803 0.400393006515806 0.410613268824889 0.306167926592292 0.187688876958505 0.119031079939326 0.10236170976767 0.401613943139449 0.372210694503146 0.255336376784193 0.409897647553822 0.389219408943773 0.357471295993802
"V110" 0.175681532655565 0.120085017969725 0.0938984084234981 0.39142765187306 0.328872346142883 0.251883700740738 0.402236309150407 0.410000770233549 0.308128197342557 0.190641284361205 0.119084566669449 0.101856307506596 0.400140901790442 0.376011785936293 0.256981639454189 0.41107216472127 0.388491272656569 0.357871669807421
"V111" 0.183642461319808 0.119432096996412 0.0952604823613618 0.39007326738578 0.332167709175061 0.246950170663666 0.407558531134828 0.410431118344534 0.309303952707594 0.194424679354058 0.119039993684963 0.102451635522962 0.400027663701949 0.377312899799512 0.253755945092986 0.41333658562238 0.388495433490071 0.358333483604056
"V112" 0.185153664035793 0.117517836289563 0.0964398887555904 0.389642625919789 0.342737406825971 0.241636355110901 0.408500305216134 0.409666973130751 0.309575240147233 0.196138811921342 0.118153360949037 0.102163636262395 0.398516569887313 0.377856375854487 0.249612090854421 0.414079183596029 0.388351862420757 0.358240067911654
"V113" 0.180278770913845 0.117706785022498 0.0950354694810673 0.389643649892317 0.345655665244706 0.247880190196534 0.405710867986547 0.409153992930731 0.308417492144715 0.195234625994982 0.119054503520378 0.101798339309947 0.396198274304099 0.381419434331764 0.252355782567726 0.413262405587685 0.388386745296714 0.358296330222086
"V114" 0.181384288292227 0.119110581954306 0.0934371207827076 0.393994584093807 0.339087177952643 0.25491799144943 0.406759129977905 0.409740194548802 0.307157645538157 0.195090472441605 0.120121806301399 0.103120724500303 0.398568842830623 0.369901691702097 0.253415762584176 0.413441688011451 0.389198337775707 0.358741500824929
"V115" 0.187406302899317 0.119665673244683 0.0953113127672446 0.399137171730557 0.331092154194994 0.25022197921866 0.410730581904469 0.409957304611432 0.307974598382917 0.196462754265968 0.119995699955529 0.103445779087405 0.400912867105651 0.368599242241088 0.24944322809249 0.414643393917897 0.389646313132206 0.359034654644804
"V116" 0.188784354862331 0.11895551307016 0.0960623935045816 0.404601695532887 0.337633514293498 0.243490827165778 0.411905106343556 0.410387723832099 0.309488068693321 0.195318098582109 0.120729422302653 0.10403663403605 0.400864696923963 0.380877619643637 0.247784018112898 0.414473258994617 0.390291626715772 0.35914636987721
"V117" 0.183212750709753 0.117632035181388 0.0948169352961258 0.409220679673105 0.339103288403623 0.243760892166479 0.408725343804935 0.41120408165256 0.310269924504792 0.192632895632997 0.121811033569309 0.105226150438793 0.400576459805316 0.379231107280016 0.246333957242623 0.413276782978359 0.391548477778237 0.358816742558135
"V118" 0.180518517648096 0.119923071048348 0.0946172499629349 0.409578230919236 0.340519537109496 0.244615873901991 0.406897725394692 0.412265179590315 0.310854935350887 0.191697266865744 0.123735413329746 0.105183602374368 0.401408983787109 0.377028833157094 0.247272319093682 0.41254690072782 0.392525420046199 0.358130849912179
"V119" 0.183131067010341 0.123881600053884 0.0951552812293385 0.403204335842546 0.343737996744125 0.250951529443016 0.408430450014827 0.414320127588935 0.311968119608359 0.191265233556784 0.120994791587411 0.101760680280301 0.400730553063742 0.380231271642161 0.248783075762061 0.412315341380212 0.391002961087882 0.356817911509721
"V120" 0.186724323023596 0.12831402407957 0.0997153476827834 0.395448647219266 0.333777065318394 0.258173418768831 0.41093909830068 0.416841877498646 0.313774252713901 0.191451937982319 0.118972905044154 0.100578198675516 0.39895266312155 0.384777718504531 0.247788978454971 0.41284638105987 0.389770391657843 0.356386231367096
"V121" 0.192336775526646 0.124863063593184 0.100555490923809 0.395297981050161 0.341147009401902 0.253787574522317 0.414724573306038 0.415944676152792 0.313781640504229 0.191713969926653 0.120409593916135 0.0997628805248048 0.401791302159413 0.383638454819813 0.24697988230966 0.413158451577226 0.38988594597231 0.356481564365979
"V122" 0.194361362775252 0.118153292607314 0.101332423781195 0.399958987752781 0.344652851528902 0.246674629522762 0.416162083646886 0.413915554788855 0.314381607951303 0.19340541721313 0.119862277265618 0.103587955513414 0.405542458480747 0.377238329336944 0.24844392893159 0.414003035238582 0.389025281280588 0.358204952443649
"V123" 0.189438678488696 0.117143576031696 0.0975037634319595 0.398953419832097 0.343361520993258 0.244085714071516 0.412840078226992 0.41329878474785 0.312557378777093 0.194175726678674 0.120570153004787 0.105248987059623 0.409559070234 0.384386348245908 0.251131171345804 0.414469620933194 0.389211073153045 0.359061656496672
"V124" 0.182519878222987 0.115502013858171 0.0972615040253612 0.401101118676913 0.336824580048073 0.245949685565501 0.408103532848618 0.411554480391149 0.311663328166707 0.194512683524411 0.12083552914931 0.105683520219788 0.408668005803368 0.383073922396549 0.252499929267443 0.414668577908035 0.390125203039571 0.359298970846901
"V125" 0.180602135771927 0.116819637387093 0.0958906912435471 0.409888248821154 0.348214099175459 0.245874472112427 0.406085984186564 0.410759309228008 0.311555922020572 0.195690839395087 0.121862059412102 0.105724351410155 0.408627974803592 0.381979621684956 0.25226472363293 0.415404794639106 0.391181406589447 0.359183704398189
"V126" 0.184302285109031 0.117333845885499 0.0941267259294243 0.41688554910286 0.356843454754419 0.249055351327933 0.407507307145854 0.411571383939534 0.310696560234777 0.196523061344842 0.123187002225164 0.104344918478055 0.410603585999433 0.375325846146127 0.254170177239637 0.415793379789952 0.392320801732257 0.358687057220697
"V127" 0.184625240560523 0.117855453816459 0.0961265916612909 0.42131549835461 0.343674796191852 0.247319935760996 0.407450298259484 0.41297097651303 0.31130244145368 0.19704748317576 0.12221211571326 0.105869804979003 0.411406147543753 0.368955165430856 0.258495020533146 0.41622899844637 0.392450731379769 0.359282151298642
"V128" 0.182165928701396 0.118690424245673 0.0954633380277763 0.418574877754572 0.331976307291268 0.244056059836519 0.405798536773353 0.413539399622541 0.311484240422329 0.199407582773804 0.121516541456954 0.105262626956085 0.411174027899973 0.372363838099307 0.257598513134065 0.417875104799248 0.392548286164909 0.358952183954826
